https://va1es.sftcdn.net/es/js/generated/826d5-d2732.js
http://www.softonic.com/shared/abp_detection/px.js?ch=1
http://www.softonic.com/shared/abp_detection/px.js?ch=2
https://c.amazon-adsystem.com/aax2/amzn_ads.js
https://va1es.sftcdn.net/shared/img/web/corporative-logo.png
https://imagenes.es.sftcdn.net/es/scrn/trih/10000/10445/10445_776x437.jpg
https://imagenes.es.sftcdn.net/es/scrn/trih/10000/10442/10442_386x217.jpg
https://imagenes.es.sftcdn.net/es/scrn/trih/10000/10443/10443_386x217.jpg
https://imagenes.es.sftcdn.net/ves/20000/20906/whatsapp-messenger-tips-17052016-es_img350.jpg
https://imagenes.es.sftcdn.net/es/scrn/69716000/69716327/superhot-06-224x168.png
https://articles-images.sftcdn.net/wp-content/uploads/sites/2/2016/10/macos-itunes12-5-itunes-match-hero1-304x170.jpg
https://articles-images.sftcdn.net/wp-content/uploads/sites/2/2016/10/itunes_2-304x170.jpg
https://articles-images.sftcdn.net/wp-content/uploads/sites/2/2016/09/itunes1_HEADER-768x433.jpg
https://articles-images.sftcdn.net/wp-content/uploads/sites/2/2016/10/spaceX-370x208.gif
https://imagenes.es.sftcdn.net/es/scrn/69690000/69690845/lovoo1-224x168.png
https://articles-images.sftcdn.net/wp-content/uploads/sites/2/2016/09/Hack-370x208.jpg
https://imagenes.es.sftcdn.net/es/scrn/6652000/6652291/angry-birds-space-12-224x168.png
https://articles-images.sftcdn.net/wp-content/uploads/sites/2/2016/09/samsung-multiroom-360-branded-1-370x208.jpg
https://imagenes.es.sftcdn.net/es/scrn/3351000/3351302/image-01-224x168.png
http://www.softonic.com/shared/img/web/boca-image.png
http://www.softonic.com/shared/img/web/sobre.png
https://va1es.sftcdn.net/shared/img/interface/softonic-logo-inline.png
http://ocsp.sca1b.amazontrust.com/
https://va1es.sftcdn.net/shared/img/favicon.ico
https://va1es.sftcdn.net/shared/img/favicon.ico
https://c1.undertonevideo.com/ut/re/63111/IV/ocedar_spa3/creative/index.zepto.html
https://ads.undertone.com/l?bannerid=957312&campaignid=251737&zoneid=143983&UTLIA=31&clang=es&ccat=5248,5257,5260,7451,7479,7511,7520,7521,7526,7527,7528,7529,7531,7532,7541,7543,7545,7546,7548,7553,7554,12687,12752,12940,13475,15963,16951,17183,18161,19047,19048,20838,21314,21317,21318,21320&cb=f510ee420bf74b81b3cc76103bcb5332&bk=oep2uf&id=2g70ik2mrarzrumhgn0fpjyl&st=http%3A%2F%2Fwww.softonic.com%2F
https://z.moatads.com/undertone86782485/moatad.js?moatClientLevel1=18125&moatClientLevel2=63111&moatClientLevel3=194088&moatClientLevel4=957312&moatClientSlicer1=251737&moatClientSlicer2=143983&zMoatUTImp=2g70ik2mrarzrumhgn0fpjyl&pixel=https%3A%2F%2Fads.undertone.com%2Fl%3Fbannerid%3D957312%26campaignid%3D251737%26zoneid%3D143983%26UTLIA%3D31%26clang%3Des%26ccat%3D5248%2C5257%2C5260%2C7451%2C7479%2C7511%2C7520%2C7521%2C7526%2C7527%2C7528%2C7529%2C7531%2C7532%2C7541%2C7543%2C7545%2C7546%2C7548%2C7553%2C7554%2C12687%2C12752%2C12940%2C13475%2C15963%2C16951%2C17183%2C18161%2C19047%2C19048%2C20838%2C21314%2C21317%2C21318%2C21320%26cb%3D8802f9572bfb41ee99a1e4f72693966f%26bk%3Doep2uf%26id%3D2g70ik2mrarzrumhgn0fpjyl%26st%3Dhttp%253A%252F%252Fwww.softonic.com%252F
https://pixel.adsafeprotected.com/jload?anId=14&campId=251737&pubId=143983&chanId=10327&placementId=194088&adsafe_par&uId=8ce211554b4c4e52aa069a90e229b9d6&impId=2g70ik2mrarzrumhgn0fpjyl
https://edge.quantserve.com/quant.js
https://p.univide.com/t.gif?pid=46&pidt=0&pdid=8ce211554b4c4e52aa069a90e229b9d6
https://sb.voicefive.com/c2/2113/rs.js#c1=3&c3=63111&c4=C:251737-Z:143983&c5=L:194088-C:251737&c6=&c11=&c13=&c14=20&c16=undertone&ax_n=ut_iframe_reveal957312
https://pixel.quantserve.com/seg/r;a=p-54JT4Ioyi-32M;rand=1475872935;redirecturl2=https://ads.undertone.com/fc.php?dp=8&pid=!qcsegs
https://tags.bluekai.com/site/15597?id=8c9fxc11nb8whr7w4m23kj3rq&redir=https://ads.undertone.com/u?dp=1%26uid=$BK_UUID
https://aa.agkn.com/adscores/g.pixel?sid=9211197038&_cb=1475872935
https://loadr.exelator.com/load/?p=104&g=330&j=0&cb=1475872935
https://r.nexac.com/e/getdata.xgi?pkey=ojjb86ufowd43&dt=br&edr=on&reppipe=,&ru=https%3A//ads.undertone.com/fc.php%3Fdp%3D12%26pid%3D%3Cna_da%3E
https://ad.crwdcntrl.net/5/c=2700/pe=y?https://ads.undertone.com/f?dp=18&pid=$
https://c1.undertonevideo.com/ut/re/63111/IV/ocedar_spa3/creative/img/close_button.png
https://ads.undertone.com/l?bannerid=957312&campaignid=251737&zoneid=143983&UTLIA=31&clang=es&ccat=5248,5257,5260,7451,7479,7511,7520,7521,7526,7527,7528,7529,7531,7532,7541,7543,7545,7546,7548,7553,7554,12687,12752,12940,13475,15963,16951,17183,18161,19047,19048,20838,21314,21317,21318,21320&cb=8802f9572bfb41ee99a1e4f72693966f&bk=oep2uf&id=2g70ik2mrarzrumhgn0fpjyl&st=http%3A%2F%2Fwww.softonic.com%2F&e=MOAT.load&ord=1475872937471
https://ads.undertone.com/l?bannerid=957312&campaignid=251737&zoneid=143983&UTLIA=31&clang=es&ccat=5248,5257,5260,7451,7479,7511,7520,7521,7526,7527,7528,7529,7531,7532,7541,7543,7545,7546,7548,7553,7554,12687,12752,12940,13475,15963,16951,17183,18161,19047,19048,20838,21314,21317,21318,21320&cb=8802f9572bfb41ee99a1e4f72693966f&bk=oep2uf&id=2g70ik2mrarzrumhgn0fpjyl&st=http%3A%2F%2Fwww.softonic.com%2F&e=MOAT.measurable&ord=1475872937471
https://ads.undertone.com/l?bannerid=957312&campaignid=251737&zoneid=143983&UTLIA=31&clang=es&ccat=5248,5257,5260,7451,7479,7511,7520,7521,7526,7527,7528,7529,7531,7532,7541,7543,7545,7546,7548,7553,7554,12687,12752,12940,13475,15963,16951,17183,18161,19047,19048,20838,21314,21317,21318,21320&cb=8802f9572bfb41ee99a1e4f72693966f&bk=oep2uf&id=2g70ik2mrarzrumhgn0fpjyl&st=http%3A%2F%2Fwww.softonic.com%2F&e=MOAT.full-measurable&ord=1475872937471
https://c1.undertonevideo.com/ut/re/63111/IV/ocedar_spa3/creative/img/background.jpg
https://ads.undertone.com/fc.php?dp=8&pid=D
https://ads.undertone.com/f?pid=3.024,3.,3.,27.6578918,27.6015518,27.4460918,27.100638,27.100513,27.100512&cb=1475872935
https://ads.undertone.com/f?dp=18&pid=$
https://c1.undertonevideo.com/ut/re/63111/IV/ocedar_spa3/creative/videos/video.mp4
https://ads.undertone.com/fc.php?dp=4&pid=3460,3461,3462,3463,3464,3465,3466,3467,3459,3468,3482,3487,3486,3485,5167,1443,1438,1440,1442,3457,3458,3455,3456,3453,3454,1447,3451,3452,3449,3450,1451,1449,16089,1463,40438,40441,37974,37973,40459,40467,36103,5160,36124,36122,36133,36132,36135,36134,36128,36130,36108,36104,36105,36106,36107,36116,36118,36119,36114,40475,36158,46689,36155,46688,40471,36154,46687,36153,46686,46685,46684,46682,40481,46680,40479,46679,46677,36141,36136,36151,36146,36147,36145,4728,4725,2647,10369,10373,10371,10366,4702,4703,9989,9232,9234,9235,9202,9209,9206,9207,17139,10427,17140,10428,10429,45115,17135,17136,10432,17137,45114,17131,17132,17133,10437,17134,45123,10439,45121,17129,10441,17124,10412,45127,17123,17126,10414,45125,10416,17120,10415,45129,10420,10419,17118,10424,45139,10426,45137,10425,17170,17167,17165,17166,17161,17162,17158,10444,10443,17151,17149,9241,17147,9239,9238,9237,10395,13883,10396,13884,10397,13881,13879,5420,13880,10393,13877,10394,13878,10400,13892,10402,10403,5415,13887,13888,17188,13885,10399,10375,10383,13852,13853,13854,13849,13850,13851,10409,13860,13861,13862,10408,13856,13857,13858,13866,13865,10407,10406,10405,13863,10404,13874,13873,13876,13875,13870,13872,13871,17017,17025,17028,4871,17038,17037,4865,4863,4891,4892,4893,4887,4889,16984,4883,4884,4885,4880,16991,4881,16993,4906,4909,4908,4905,17000,4900,4895,17012,4896,319,17079,316,17087,17099,17102,19084,17095,17098,19087,17108,17107,17110,17103,17106,323,17105,7003,17052,17051,7006,7818,17063,17078,17073,802,7720,7719,7718,7725,7722,7726,7728,7727,721,308,4766,531,2,7716,555,16965,16964,16963,22880,46633,46635,46630,46632,3620,3616,46627,46628,1253,16895,3634,16896,3631,16899,3632,1255,46662,3630,16903,3626,1245,16904,1249,1248,46651,46649,16881,46650,3645,16883,46647,16884,3642,46646,3641,3639,16890,46658,3637,46655,3636,3652,3653,31753,3656,7739,7735,7733,7732,7731,7730,7729,46582,46587,46588,7745,46586,7742,7743,46589,7740,7741,16818,16815,16816,16806,16804,4982,4975,4977,4978,16809,16802,4972,16791,16789,16778,16777,1115,4988,16780,4987,16782,16781,8736,16783,91409,91411,91410,16774,4924,4927,16873,4933,4934,4935,16866,4910,16859,4911,4913,16853,4917,16851,4920,4919,4922,4921,4952,16847,4950,4955,4954,16837,16831,4945,4943,16830,16824,4948,16822,34971,15939,217,34954,34963,34957,34998,34999,35008,34981,34993,17418,34910,34887,17450,34935,34938,17445,17446,17448,17441,17442,34946,17437,17438,17440,34918,17433,17435,17432,17431,17425,17428,17427,17424,15945,35102,35096,35086,35138,35136,35134,35133,35119,35113,35110,12654,45753,35043,35028,41334,35022,41335,35023,16212,35027,35018,35070,35069,41328,16205,16204,35065,35046,35044,16194,16195,16188,12667,16191,17576,17575,17580,17568,35218,76427,76428,17572,17571,17573,76418,76417,35223,76406,76405,76401,76402,76399,76397,17599,76393,76394,76391,76389,76390,17616,17622,17620,17613,76380,76379,76378,76377,76376,76375,76373,586,76495,35140,12288,17631,19070,17628,19080,35151,12298,35148,76478,76477,17643,12312,17633,17634,76473,12316,17635,17662,76461,76462,12323,76467,76465,17651,76457,35188,17673,76447,17671,17672,17670,35194,17663,17664,76442,76441,17454,17455,76553,76555,17456,17457,17458,17459,35338,17463,17464,76558,76557,12346,17466,12375,17468,76537,17470,17471,17474,35356,17473,17476,17478,17477,17481,17479,76521,17485,17486,17483,76518,17484,76517,35369,17487,17488,17494,17491,76526,17492,76525,35392,17496,17495,17501,17500,17506,76511,17505,17503,17514,17507,17510,17522,17515,17516,17517,17518,17528,12436,17527,17530,17524,17523,17526,17525,17536,17535,17538,17537,17532,35290,17531,17534,17533,17545,17546,17542,35314,17539,35315,17540,17553,35301,12448,17548,17559,17558,17556,17555,17566,17565,17563,17562,13747,13748,13745,45277,76128,76127,45283,45284,76129,45281,76131,13755,76118,76117,13753,13754,13759,45275,13760,13757,13758,76141,13731,45295,13724,45293,13736,13734,76147,13733,13740,76133,13739,45287,76134,13738,76135,76136,13741,13771,45309,13772,76159,45311,45312,13776,76163,13777,45315,76162,13778,76161,13780,76151,13782,45304,13783,13784,76155,13785,17813,13762,45326,76175,45325,17811,17809,17807,17806,76177,17805,35469,17804,45318,17803,45317,17802,13765,17800,13768,13767,45321,13770,17798,76169,76170,13809,45347,13810,35448,13807,13805,45343,13806,45344,76189,45341,13804,35458,13817,45339,76186,13818,45340,76185,13815,13816,45338,13813,45335,13814,45336,13811,13812,76183,13792,45362,13791,13790,45360,45354,45353,45352,76197,35438,13797,13796,76199,13795,45349,76200,13836,76228,13837,45380,76225,35413,13833,45374,76223,13834,45375,13835,76221,13845,13846,45371,13847,76217,35421,13841,13842,45368,13824,35400,13823,2790,76244,45396,13820,13819,45389,76240,13822,13832,76235,35408,13831,76234,13828,13827,13830,45384,76229,13829,45383,76230,34593,17728,45141,76248,17723,76249,34590,17722,17725,34588,17724,76252,34587,17733,15249,45151,17732,76254,15248,17735,34584,17734,34582,45155,34581,17731,34580,17730,76262,34579,17711,12173,76263,45163,17706,17707,45164,45161,34573,45162,45167,17718,34571,17719,34569,34566,17715,17716,17717,34625,34624,45173,45178,34620,17692,45179,17705,45182,45181,17704,34619,45184,34618,17703,45186,45185,34615,17700,45188,17699,45187,34608,17681,34609,45190,17679,45191,34604,17677,34605,34607,17689,17690,34602,17687,45200,34596,17685,17686,34599,45204,17785,45211,17784,45208,17788,45206,45205,17787,17790,17789,17794,45216,17793,17796,17795,45227,45228,17769,17770,17771,17772,17774,17775,17776,12229,17778,17779,17781,17782,17783,34557,17755,34556,34559,17753,34560,17758,34563,17757,34562,34549,34551,17761,34550,34553,34552,17766,17765,34554,17764,45247,45257,17738,17739,45258,17736,45260,45253,17742,17740,45256,17741,17746,17747,12198,17744,45268,17745,17750,45261,45262,17751,17748,45264,17749,37966,34696,37965,34699,37968,34698,37967,34693,37970,34692,37969,75892,34695,37972,35755,37971,75890,34705,37958,34704,37957,75880,37960,34706,37959,34701,37964,34702,37963,75882,34712,75870,34708,37955,75874,37956,37941,37942,37943,37944,37945,37946,75917,75918,37933,37940,75922,75923,37928,75910,75911,34736,34735,37932,75916,37919,75902,75903,75906,37921,34741,75907,37911,75896,37910,37916,37913,35746,37914,37906,37905,34631,34630,37902,75952,37904,37903,34637,37898,37897,75948,37900,34638,37896,75941,34642,34644,75940,34646,34647,75937,75936,34649,34650,75932,34653,37882,34654,15299,34656,37877,15301,34658,37879,34663,37876,34662,75986,34661,37874,37873,34667,37872,34666,34665,37870,34671,37868,37867,34669,37865,75973,34673,37862,34672,37861,34678,37859,34679,37860,75972,37857,37858,34682,75966,37855,34683,37856,34680,75968,34681,34686,37851,34687,15263,34685,37847,15270,37848,34688,37845,34689,37846,47374,76007,5704,76006,37831,37834,47379,37835,37837,47366,37838,37839,37840,5706,37841,5705,37842,76018,5707,37844,75991,47357,75992,34850,75990,34847,75993,47349,47353,47343,47348,34863,76043,5076,76051,34883,34878,34873,76034,7543,587,76074,76073,76081,34781,76059,34784,76053,47411,34796,47407,34803,76101,76104,76103,47403,76113,76115,34792,47392,76085,76087,76088,47387,47382
https://ads.undertone.com/u?dp=1&uid=7hvnu8Tv999EwdCU
https://www.facebook.com/v2.0/plugins/like_box.php?app_id=57374761779&channel=http%3A%2F%2Fstaticxx.facebook.com%2Fconnect%2Fxd_arbiter%2Fr%2FP5DLcu0KGJB.js%3Fversion%3D42%23cb%3Dff6ec12f365138%26domain%3Dwww.softonic.com%26origin%3Dhttp%253A%252F%252Fwww.softonic.com%252Ff3f0a65e7bd63e%26relation%3Dparent.parent&color_scheme=light&container_width=310&header=false&href=https%3A%2F%2Fwww.facebook.com%2FSoftonic&locale=es_ES&sdk=joey&show_border=false&show_faces=false&stream=true
https://va1es.sftcdn.net/shared/img/favicon.ico#-moz-resolution=16,16
https://va1es.sftcdn.net/shared/img/favicon.ico#-moz-resolution=16,16
https://bam.nr-data.net/1/1c89e4fbb6?a=22513654&v=984.313495d&to=NVJQZxRRDRICBxcPXgwYZ0EPHwoPBwEbSEEKRw%3D%3D&rst=5245&ref=http://www.softonic.com/&ap=34&be=597&fe=4382&dc=1082&perf=%7B%22timing%22:%7B%22of%22:1475872934113,%22n%22:0,%22f%22:3,%22dn%22:3,%22dne%22:3,%22c%22:3,%22ce%22:3,%22rq%22:269,%22rp%22:437,%22rpe%22:561,%22dl%22:456,%22di%22:1674,%22ds%22:1678,%22de%22:1707,%22dc%22:4978,%22l%22:4978,%22le%22:5105%7D,%22navigation%22:%7B%7D%7D&at=GRVTEVxLHhw%3D&jsonp=NREUM.setToken
